3 0.175 0.86953125 0.0265625 0.1546875
5 0.0734375 0.97890625 0.053125 0.04140625
5 0.01875 0.95546875 0.0375 0.0890625
5 0.0359375 0.8328125 0.06015625 0.08046875
5 0.25 0.82890625 0.0515625 0.11015625
5 0.146875 0.7 0.0375 0.0734375
5 0.26484375 0.7453125 0.04375 0.07109375
5 0.16640625 0.50859375 0.0359375 0.0625
5 0.28828125 0.525 0.0390625 0.0671875
5 0.2078125 0.496875 0.02890625 0.05703125
5 0.33125 0.66640625 0.0359375 0.08046875
5 0.3234375 0.60859375 0.0390625 0.0546875
5 0.19140625 0.44609375 0.0234375 0.04765625
5 0.22265625 0.4546875 0.0234375 0.0375