5 0.8625 0.8671875 0.06953125 0.190625
5 0.6515625 0.8859375 0.16875 0.228125
5 0.646875 0.721875 0.14375 0.184375
5 0.53046875 0.68046875 0.0921875 0.13203125
5 0.45 0.7328125 0.10078125 0.13828125
5 0.34375 0.80390625 0.11484375 0.15625
5 0.3796875 0.66015625 0.07109375 0.09765625
5 0.33828125 0.63046875 0.059375 0.0828125
5 0.30625 0.5890625 0.05703125 0.0796875
5 0.27421875 0.575 0.04140625 0.0828125
5 0.13515625 0.50703125 0.05546875 0.0703125
5 0.0765625 0.4984375 0.04140625 0.0703125
5 0.24921875 0.55390625 0.0296875 0.0703125
5 0.18984375 0.51484375 0.02578125 0.0609375
5 0.23828125 0.53359375 0.03671875 0.05625
5 0.21328125 0.5203125 0.02421875 0.0578125