0 0.21953125 0.96484375 0.0328125 0.0703125
0 0.1921875 0.9453125 0.02578125 0.0765625
0 0.19609375 0.96796875 0.0671875 0.0640625
5 0.8171875 0.9640625 0.246875 0.071875
5 0.53046875 0.6921875 0.1125 0.16875
5 0.38515625 0.54609375 0.128125 0.171875
5 0.31015625 0.67890625 0.0328125 0.11640625
5 0.21640625 0.64453125 0.08828125 0.11640625
5 0.28984375 0.6 0.06953125 0.09453125
5 0.2375 0.5640625 0.02421875 0.0859375
5 0.20234375 0.55546875 0.02578125 0.0796875
5 0.2546875 0.490625 0.05703125 0.0671875
5 0.14140625 0.51015625 0.0609375 0.0890625