5 0.76875 0.846875 0.08359375 0.18125
5 0.65078125 0.76640625 0.034375 0.15078125
5 0.59609375 0.6953125 0.11640625 0.175
5 0.51796875 0.77109375 0.11953125 0.178125
5 0.4359375 0.7109375 0.08359375 0.11953125
5 0.346875 0.75546875 0.1078125 0.15390625
5 0.384375 0.65390625 0.07109375 0.09765625
5 0.340625 0.625 0.07265625 0.09453125
5 0.30390625 0.5859375 0.0484375 0.0609375
5 0.3734375 0.5703125 0.0625 0.0796875
5 0.26875 0.5703125 0.0453125 0.0796875
5 0.121875 0.51953125 0.04140625 0.0578125
5 0.18828125 0.51796875 0.04375 0.0671875
5 0.225 0.52421875 0.0296875 0.0546875
5 0.2453125 0.54296875 0.0328125 0.0609375