5 0.16875 0.615625 0.1390625 0.1625
5 0.509375 0.76484375 0.1234375 0.159375
5 0.55 0.66171875 0.1109375 0.15625
5 0.4328125 0.715625 0.08125 0.12265625
5 0.375 0.65078125 0.06953125 0.09765625
5 0.3296875 0.6234375 0.05546875 0.0859375
5 0.30234375 0.584375 0.059375 0.0765625
5 0.2609375 0.56171875 0.05 0.0734375
5 0.2234375 0.51484375 0.046875 0.0546875
5 0.16875 0.4953125 0.0625 0.0703125
5 0.078125 0.490625 0.03828125 0.0609375
0 0.9703125 0.8234375 0.059375 0.203125
0 0.8578125 0.8265625 0.0484375 0.184375
0 0.72578125 0.9109375 0.0390625 0.178125
5 0.64921875 0.746875 0.03828125 0.13515625
5 0.63515625 0.80703125 0.05546875 0.16875