5 0.9796875 0.9109375 0.040625 0.178125
5 0.6546875 0.76953125 0.03828125 0.15625
5 0.6078125 0.7 0.121875 0.184375
5 0.53125 0.78515625 0.121875 0.175
5 0.40390625 0.8234375 0.11953125 0.171875
5 0.43515625 0.7109375 0.0953125 0.11328125
5 0.44375 0.6171875 0.08828125 0.09765625
5 0.3796875 0.65703125 0.07109375 0.0921875
5 0.3375 0.63515625 0.046875 0.0921875
5 0.3078125 0.59375 0.05 0.0828125
5 0.13828125 0.50234375 0.05390625 0.0609375
5 0.2 0.51796875 0.03125 0.0734375
5 0.17109375 0.571875 0.05703125 0.0828125
5 0.2671875 0.5734375 0.034375 0.0734375