5 0.65 0.75 0.0328125 0.13515625
5 0.6359375 0.80234375 0.046875 0.14765625
5 0.5109375 0.77265625 0.11953125 0.15625
5 0.43203125 0.7109375 0.08359375 0.11953125
5 0.359375 0.64453125 0.07265625 0.0921875
5 0.3890625 0.565625 0.06953125 0.10703125
5 0.3125 0.6046875 0.05546875 0.0859375
5 0.278125 0.5734375 0.05234375 0.0796875
5 0.225 0.52265625 0.046875 0.0765625
5 0.17734375 0.54765625 0.07265625 0.11953125
5 0.1203125 0.51015625 0.04375 0.0640625
5 0.0796875 0.49375 0.034375 0.0671875
0 0.69453125 0.89453125 0.0484375 0.209375
0 0.58203125 0.90390625 0.0484375 0.19140625
0 0.30859375 0.96796875 0.0578125 0.0640625