5 0.65078125 0.74375 0.04140625 0.12890625
5 0.6359375 0.80234375 0.05390625 0.159375
5 0.58671875 0.68203125 0.11484375 0.171875
5 0.5140625 0.76953125 0.121875 0.175
5 0.43125 0.715625 0.075 0.12265625
5 0.3796875 0.65546875 0.0640625 0.10703125
5 0.3375 0.63046875 0.05703125 0.0890625
5 0.30390625 0.590625 0.05546875 0.0828125
5 0.26875 0.5703125 0.0484375 0.0734375
5 0.21171875 0.596875 0.059375 0.09453125
5 0.17265625 0.50390625 0.0640625 0.0765625
5 0.07578125 0.490625 0.0296875 0.0546875
0 0.8921875 0.871875 0.0484375 0.1875
0 0.9578125 0.78359375 0.046875 0.178125