5 0.6859375 0.78515625 0.0625 0.15625
5 0.6140625 0.703125 0.11953125 0.171875
5 0.50546875 0.65234375 0.08671875 0.10703125
5 0.553125 0.80078125 0.140625 0.18125
5 0.4765625 0.90703125 0.15625 0.1859375
5 0.43984375 0.71875 0.0921875 0.12265625
5 0.3828125 0.65859375 0.078125 0.10078125
5 0.340625 0.63203125 0.0484375 0.0859375
5 0.3140625 0.5953125 0.0625 0.0796875
5 0.275 0.5765625 0.03984375 0.0796875
5 0.23359375 0.65390625 0.075 0.11640625
5 0.1765625 0.51328125 0.03671875 0.0578125
5 0.2125 0.51015625 0.02265625 0.0640625
5 0.07734375 0.496875 0.03671875 0.0609375