5 0.64765625 0.815625 0.059375 0.175
5 0.65078125 0.7234375 0.04140625 0.0890625
5 0.59296875 0.6921875 0.11640625 0.18125
5 0.51328125 0.77109375 0.1234375 0.159375
5 0.4328125 0.7140625 0.078125 0.11328125
5 0.3796875 0.65859375 0.07109375 0.0890625
5 0.34140625 0.62734375 0.0640625 0.0828125
5 0.27109375 0.66171875 0.090625 0.11328125
5 0.303125 0.575 0.05390625 0.0703125
5 0.2640625 0.5671875 0.034375 0.0734375
5 0.31328125 0.52734375 0.05703125 0.0796875
5 0.2453125 0.54921875 0.04375 0.0671875
5 0.21171875 0.52265625 0.0484375 0.0578125
5 0.15703125 0.50390625 0.05 0.0640625