5 0.59453125 0.9484375 0.0828125 0.103125
5 0.51640625 0.8578125 0.03828125 0.06484375
5 0.49375 0.8921875 0.053125 0.07578125
5 0.43671875 0.79921875 0.03125 0.0609375
5 0.49140625 0.78125 0.028125 0.04921875
5 0.49140625 0.7390625 0.03046875 0.04453125
5 0.446875 0.74609375 0.02890625 0.03828125
5 0.45546875 0.71484375 0.02578125 0.034375
5 0.471875 0.6984375 0.028125 0.03515625
5 0.5140625 0.70546875 0.0296875 0.034375
5 0.49921875 0.67421875 0.0296875 0.0375
5 0.5375 0.68046875 0.02109375 0.0328125
5 0.52421875 0.65078125 0.02421875 0.0296875
5 0.5484375 0.62265625 0.021875 0.0390625
5 0.55390625 0.66171875 0.01796875 0.028125
5 0.5671875 0.64296875 0.02265625 0.02890625
5 0.5859375 0.6265625 0.01953125 0.0296875
5 0.57421875 0.6015625 0.01953125 0.021875
5 0.6015625 0.60625 0.01796875 0.0265625
5 0.58828125 0.5828125 0.0171875 0.0234375
5 0.6 0.5671875 0.0203125 0.0265625
5 0.61640625 0.79296875 0.02109375 0.04921875
5 0.63359375 0.734375 0.01796875 0.04921875