5 0.61640625 0.79375 0.02421875 0.0546875
5 0.63359375 0.7359375 0.0203125 0.0421875
5 0.459375 0.95390625 0.03984375 0.0765625
5 0.503125 0.66796875 0.025 0.03984375
5 0.56640625 0.6421875 0.025 0.0453125
5 0.534375 0.64375 0.0203125 0.03984375
5 0.45234375 0.803125 0.01484375 0.05
5 0.44375 0.74921875 0.03359375 0.05390625
5 0.49296875 0.7828125 0.028125 0.05
5 0.475 0.70078125 0.03125 0.0390625
5 0.5140625 0.7046875 0.02734375 0.03984375
5 0.540625 0.68125 0.021875 0.03515625
5 0.4453125 0.85234375 0.059375 0.0796875
5 0.4796875 0.8328125 0.0125 0.04140625
5 0.5828125 0.9609375 0.053125 0.078125
5 0.55 0.6171875 0.01484375 0.025
5 0.28046875 0.5671875 0.03125 0.03203125