5 0.440625 0.775 0.03203125 0.053125
5 0.61640625 0.79453125 0.02265625 0.046875
5 0.63515625 0.734375 0.01796875 0.04609375
5 0.46484375 0.7046875 0.025 0.0390625
5 0.5265625 0.69140625 0.02578125 0.03515625
5 0.5125 0.6625 0.025 0.03203125
5 0.50390625 0.83125 0.0328125 0.05859375
5 0.50390625 0.71953125 0.03046875 0.040625
5 0.4875 0.68125 0.02578125 0.0359375
5 0.4921875 0.771875 0.03046875 0.0546875
5 0.5421875 0.67421875 0.02265625 0.03046875
5 0.56875 0.95 0.05078125 0.08515625
5 0.44921875 0.7375 0.0265625 0.03828125
5 0.46484375 0.9953125 0.0140625 0.009375