5 0.61640625 0.79296875 0.02109375 0.04921875
5 0.63515625 0.734375 0.01796875 0.04921875
5 0.49375 0.76640625 0.0390625 0.125
5 0.45546875 0.9265625 0.03359375 0.0671875
5 0.4421875 0.75859375 0.03046875 0.04140625
5 0.52265625 0.93984375 0.04140625 0.07578125
5 0.5109375 0.71484375 0.02265625 0.03828125
5 0.51328125 0.6578125 0.0265625 0.0375
5 0.55078125 0.66328125 0.02421875 0.03515625
5 0.57265625 0.63828125 0.025 0.03203125
5 0.584375 0.6203125 0.0203125 0.02890625
5 0.46171875 0.71328125 0.028125 0.03984375
5 0.5703125 0.60234375 0.01875 0.02890625
5 0.58515625 0.58125 0.01796875 0.0265625
5 0.53828125 0.63203125 0.021875 0.03125
5 0.378125 0.51796875 0.02890625 0.03203125
5 0.484375 0.68515625 0.025 0.028125
5 0.5984375 0.56875 0.01484375 0.025