5 0.61640625 0.79296875 0.02109375 0.04921875
5 0.63515625 0.734375 0.01796875 0.04921875
5 0.48828125 0.7921875 0.02890625 0.0515625
5 0.55234375 0.64765625 0.04375 0.07265625
5 0.4359375 0.775 0.03125 0.05234375
5 0.54140625 0.9109375 0.0484375 0.07890625
5 0.490625 0.74375 0.0265625 0.03515625
5 0.453125 0.72421875 0.03203125 0.03984375
5 0.48046875 0.6953125 0.028125 0.03203125
5 0.5125 0.66328125 0.02421875 0.03046875
5 0.51015625 0.71171875 0.03203125 0.03828125
5 0.4484375 0.9875 0.040625 0.025
5 0.51171875 0.9890625 0.0328125 0.021875
5 0.58671875 0.6234375 0.01953125 0.034375
5 0.58046875 0.590625 0.0171875 0.0296875
5 0.6015625 0.6046875 0.01875 0.03046875
5 0.4390625 0.5 0.0171875 0.02265625