5 0.61640625 0.79375 0.02421875 0.0546875
5 0.63359375 0.7359375 0.0203125 0.0421875
5 0.4625 0.71953125 0.0296875 0.03984375
5 0.540625 0.67109375 0.025 0.0453125
5 0.49375 0.68125 0.028125 0.03984375
5 0.44375 0.8125 0.03203125 0.06484375
5 0.4671875 0.89453125 0.05859375 0.07578125
5 0.44453125 0.76171875 0.03125 0.0390625
5 0.49453125 0.803125 0.0296875 0.0546875
5 0.49453125 0.7421875 0.0296875 0.03984375
5 0.5125 0.65859375 0.02109375 0.03046875
5 0.45390625 0.49453125 0.01796875 0.01953125
5 0.584375 0.62578125 0.01796875 0.0328125
5 0.5734375 0.59609375 0.01640625 0.02890625
5 0.540625 0.63515625 0.0234375 0.0296875
5 0.58671875 0.96640625 0.0671875 0.06640625
5 0.36875 0.52734375 0.021875 0.0234375
5 0.6 0.60078125 0.0171875 0.03125
5 0.61640625 0.58515625 0.01484375 0.0296875