5 0.4359375 0.825 0.03515625 0.0703125
5 0.61640625 0.79296875 0.02109375 0.04921875
5 0.63515625 0.734375 0.01796875 0.04921875
5 0.5171875 0.8671875 0.03828125 0.06328125
5 0.5125 0.69140625 0.0609375 0.09296875
5 0.45546875 0.71875 0.03046875 0.05
5 0.4859375 0.7515625 0.02421875 0.0359375
5 0.4375 0.75625 0.0265625 0.05078125
5 0.56953125 0.6421875 0.0203125 0.03046875
5 0.47421875 0.69296875 0.0203125 0.03203125
5 0.48828125 0.8 0.028125 0.05546875
5 0.58671875 0.6203125 0.02109375 0.0328125
5 0.60234375 0.59921875 0.01953125 0.02421875
5 0.5359375 0.634375 0.025 0.02734375
5 0.58984375 0.58125 0.0171875 0.0234375
5 0.60703125 0.98046875 0.0296875 0.0390625
5 0.54140625 0.9359375 0.05703125 0.08203125
5 0.621875 0.5703125 0.025 0.05390625
5 0.559375 0.6140625 0.028125 0.028125