5 0.434375 0.77890625 0.03046875 0.05546875
5 0.4453125 0.740625 0.03203125 0.04453125
5 0.61640625 0.79296875 0.02109375 0.04921875
5 0.63515625 0.734375 0.01796875 0.04921875
5 0.4875 0.7796875 0.04296875 0.140625
5 0.5078125 0.7140625 0.0265625 0.03828125
5 0.54765625 0.65390625 0.0453125 0.0703125
5 0.4796875 0.690625 0.02890625 0.04609375
5 0.525 0.69140625 0.02421875 0.0359375
5 0.45703125 0.7109375 0.028125 0.0359375
5 0.584375 0.62890625 0.0203125 0.03046875
5 0.41015625 0.82578125 0.1453125 0.1828125
5 0.51328125 0.659375 0.0171875 0.03515625