5 0.61640625 0.79296875 0.02109375 0.04921875
5 0.63515625 0.734375 0.01796875 0.04921875
5 0.49765625 0.7171875 0.04921875 0.103125
5 0.39765625 0.840625 0.0484375 0.06484375
5 0.51953125 0.984375 0.0359375 0.03046875
5 0.440625 0.78046875 0.02890625 0.05390625
5 0.4578125 0.71953125 0.03046875 0.04140625
5 0.49140625 0.81171875 0.03125 0.06640625
5 0.540625 0.67578125 0.02265625 0.03828125
5 0.5375 0.63359375 0.0234375 0.0375
5 0.56171875 0.65234375 0.02421875 0.03515625
5 0.578125 0.63515625 0.025 0.03203125
5 0.58984375 0.61640625 0.0203125 0.02890625