5 0.61640625 0.79296875 0.02109375 0.04921875
5 0.63515625 0.734375 0.01796875 0.04921875
5 0.5015625 0.82734375 0.03203125 0.06015625
5 0.5140625 0.68828125 0.05078125 0.08359375
5 0.43125 0.7953125 0.03203125 0.06015625
5 0.4890625 0.78671875 0.028125 0.04375
5 0.44375 0.75859375 0.03046875 0.04296875
5 0.45390625 0.72734375 0.028125 0.03203125
5 0.4765625 0.69921875 0.02421875 0.03046875
5 0.490625 0.74921875 0.03203125 0.03828125
5 0.55703125 0.65625 0.01953125 0.034375
5 0.5546875 0.61640625 0.0171875 0.0296875
5 0.5734375 0.6328125 0.01875 0.03046875
5 0.46640625 0.91953125 0.0796875 0.1609375
5 0.4328125 0.51328125 0.02578125 0.0359375
5 0.6 0.60546875 0.01875 0.03046875
5 0.3734375 0.79453125 0.0265625 0.0546875