5 0.440625 0.771875 0.0296875 0.05078125
5 0.45625 0.71875 0.03515625 0.05703125
5 0.49375 0.84375 0.03203125 0.0671875
5 0.48828125 0.77109375 0.028125 0.059375
5 0.49453125 0.6796875 0.03046875 0.0359375
5 0.50859375 0.709375 0.02734375 0.0359375
5 0.5203125 0.653125 0.0234375 0.03203125
5 0.61640625 0.79296875 0.02109375 0.04921875
5 0.63359375 0.734375 0.01796875 0.04921875
5 0.55859375 0.6421875 0.05 0.07421875
5 0.4625 0.490625 0.01875 0.025
5 0.4671875 0.92578125 0.03671875 0.08984375
5 0.3453125 0.52265625 0.05390625 0.0578125