5 0.44140625 0.775 0.03046875 0.05703125
5 0.44140625 0.7359375 0.028125 0.040625
5 0.46015625 0.71796875 0.025 0.03828125
5 0.61640625 0.79453125 0.02265625 0.046875
5 0.63515625 0.734375 0.01796875 0.04609375
5 0.49765625 0.6734375 0.025 0.0390625
5 0.52890625 0.8859375 0.0640625 0.1625
5 0.5921875 0.6171875 0.01796875 0.02890625
5 0.5765625 0.59765625 0.01640625 0.028125
5 0.52890625 0.64140625 0.01640625 0.0296875
5 0.51171875 0.7125 0.0234375 0.03515625
5 0.56796875 0.64765625 0.021875 0.03125
5 0.59296875 0.57265625 0.0171875 0.03359375
5 0.54453125 0.6234375 0.01796875 0.03671875
5 0.54140625 0.671875 0.01796875 0.03046875
5 0.61796875 0.58515625 0.01875 0.02734375