5 0.45625 0.95078125 0.034375 0.07890625
5 0.440625 0.775 0.03203125 0.053125
5 0.61640625 0.79453125 0.02265625 0.046875
5 0.63515625 0.734375 0.01796875 0.04609375
5 0.46875 0.6984375 0.025 0.0390625
5 0.5265625 0.69140625 0.02578125 0.03515625
5 0.51953125 0.65234375 0.025 0.03203125
5 0.49609375 0.8046875 0.0234375 0.05546875
5 0.50390625 0.71953125 0.03046875 0.040625
5 0.4921875 0.675 0.02578125 0.0359375
5 0.49453125 0.75390625 0.03125 0.046875
5 0.5421875 0.67421875 0.02265625 0.03046875
5 0.52265625 0.878125 0.0390625 0.07578125
5 0.453125 0.72734375 0.03125 0.04453125
5 0.48046875 0.8484375 0.015625 0.05390625