5 0.43984375 0.78125 0.028125 0.05390625
5 0.440625 0.74140625 0.028125 0.040625
5 0.45546875 0.72578125 0.025 0.03828125
5 0.61640625 0.79453125 0.02265625 0.046875
5 0.63515625 0.734375 0.01796875 0.04609375
5 0.4921875 0.68046875 0.025 0.0390625
5 0.57578125 0.63515625 0.0203125 0.03046875
5 0.55390625 0.61953125 0.01640625 0.028125
5 0.51015625 0.6625 0.021875 0.03203125
5 0.4953125 0.74140625 0.02421875 0.0390625
5 0.54765625 0.66796875 0.028125 0.034375
5 0.57890625 0.59765625 0.0171875 0.03359375
5 0.53359375 0.640625 0.01796875 0.03671875
5 0.5171875 0.7015625 0.0265625 0.0421875
5 0.603125 0.603125 0.01875 0.02734375
5 0.49375 0.78984375 0.025 0.04921875
5 0.3625 0.5390625 0.02734375 0.03125
5 0.475 0.6984375 0.025 0.04609375
5 0.61328125 0.971875 0.0359375 0.05546875
5 0.428125 0.84453125 0.0296875 0.06171875
5 0.51171875 0.8453125 0.02578125 0.04765625
5 0.61875 0.58359375 0.01484375 0.02578125
5 0.59296875 0.57578125 0.01953125 0.03515625