5 0.4546875 0.95625 0.03359375 0.0734375
5 0.44140625 0.76796875 0.028125 0.065625
5 0.52890625 0.975 0.0359375 0.05
5 0.453125 0.72578125 0.0203125 0.04140625
5 0.490625 0.80859375 0.02890625 0.0546875
5 0.47890625 0.6859375 0.0234375 0.03203125
5 0.61640625 0.79296875 0.02109375 0.04921875
5 0.63515625 0.734375 0.01796875 0.04921875
5 0.490625 0.73515625 0.053125 0.1078125
5 0.52421875 0.7015625 0.0234375 0.040625
5 0.540625 0.68125 0.0203125 0.03203125
5 0.59296875 0.6015625 0.0328125 0.059375
5 0.54140625 0.63515625 0.01875 0.02734375
5 0.5203125 0.65078125 0.02421875 0.03359375
5 0.5671875 0.64140625 0.01953125 0.03359375
5 0.39609375 0.8078125 0.0515625 0.06484375
5 0.50234375 0.66484375 0.025 0.02890625