5 0.44140625 0.81875 0.03046875 0.05703125
5 0.4609375 0.71640625 0.028125 0.040625
5 0.48671875 0.68203125 0.025 0.03828125
5 0.50546875 0.66875 0.02265625 0.0484375
5 0.61640625 0.79453125 0.02265625 0.046875
5 0.63515625 0.734375 0.01796875 0.04609375
5 0.45078125 0.99296875 0.0421875 0.0140625
5 0.52578125 0.6484375 0.025 0.0390625
5 0.4953125 0.77421875 0.0484375 0.128125
5 0.52578125 0.68671875 0.04375 0.07109375
5 0.603125 0.60390625 0.01796875 0.02890625
5 0.5765625 0.59765625 0.01640625 0.028125
5 0.5328125 0.6359375 0.01640625 0.0296875
5 0.45546875 0.9125 0.01640625 0.05078125
5 0.5703125 0.640625 0.015625 0.02890625
5 0.603125 0.56015625 0.0171875 0.03359375
5 0.5484375 0.62265625 0.01796875 0.03671875
5 0.5890625 0.6140625 0.01796875 0.03046875
5 0.61796875 0.58046875 0.01875 0.02734375