5 0.61640625 0.79296875 0.02109375 0.04921875
5 0.63515625 0.734375 0.01796875 0.04921875
5 0.49140625 0.753125 0.04296875 0.1078125
5 0.52890625 0.95 0.06484375 0.0796875
5 0.43984375 0.81640625 0.02890625 0.05390625
5 0.44765625 0.74296875 0.03046875 0.04140625
5 0.4984375 0.8484375 0.03515625 0.06796875
5 0.52109375 0.7 0.02265625 0.03828125
5 0.521875 0.65 0.0234375 0.0375
5 0.55859375 0.65625 0.02421875 0.03515625
5 0.578125 0.63515625 0.025 0.03203125
5 0.58671875 0.61875 0.0203125 0.02890625
5 0.46328125 0.7140625 0.02109375 0.03359375
5 0.58046875 0.5890625 0.01875 0.02890625
5 0.5953125 0.5734375 0.01796875 0.0265625
5 0.5515625 0.61953125 0.01875 0.03125
5 0.29296875 0.55625 0.0359375 0.03671875