5 0.61640625 0.79296875 0.02109375 0.04921875
5 0.63515625 0.734375 0.01796875 0.04921875
5 0.50703125 0.84765625 0.0640625 0.17578125
5 0.4453125 0.75625 0.0296875 0.04609375
5 0.5046875 0.725 0.03125 0.0453125
5 0.528125 0.6921875 0.02734375 0.0359375
5 0.459375 0.7125 0.028125 0.040625
5 0.6015625 0.59921875 0.03359375 0.0578125
5 0.49609375 0.6765625 0.02890625 0.034375
5 0.4828125 0.7515625 0.02265625 0.03984375
5 0.446875 0.89453125 0.034375 0.07265625
5 0.546875 0.6671875 0.025 0.02890625
5 0.51875 0.6546875 0.0234375 0.03125
5 0.5375 0.6375 0.02109375 0.028125
5 0.57265625 0.60234375 0.01953125 0.02578125
5 0.553125 0.62734375 0.0234375 0.03046875
5 0.5640625 0.64609375 0.02421875 0.03125
5 0.3359375 0.5375 0.0296875 0.03828125