5 0.61640625 0.79296875 0.02109375 0.04921875
5 0.63515625 0.734375 0.01796875 0.04921875
5 0.5765625 0.96796875 0.028125 0.0640625
5 0.490625 0.73046875 0.0578125 0.1015625
5 0.44609375 0.7359375 0.03046875 0.05
5 0.4890625 0.81640625 0.02734375 0.0546875
5 0.434375 0.77890625 0.02734375 0.05546875
5 0.5171875 0.7015625 0.0109375 0.02890625
5 0.46171875 0.709375 0.01796875 0.03984375
5 0.55859375 0.6546875 0.02109375 0.0328125
5 0.5796875 0.6265625 0.01953125 0.02421875
5 0.52734375 0.64609375 0.025 0.02734375
5 0.61953125 0.57109375 0.025 0.05390625
5 0.54921875 0.62421875 0.02265625 0.03125
5 0.53671875 0.6796875 0.02734375 0.0390625
5 0.4828125 0.4765625 0.01875 0.02421875
5 0.41640625 0.859375 0.05703125 0.07890625
5 0.42265625 0.82109375 0.025 0.0546875
5 0.59765625 0.60625 0.02109375 0.025
5 0.44765625 0.9625 0.02265625 0.0703125