5 0.61640625 0.79296875 0.02109375 0.04921875
5 0.63515625 0.734375 0.01796875 0.04921875
5 0.525 0.97890625 0.0375 0.04140625
5 0.4921875 0.7296875 0.0609375 0.09296875
5 0.44609375 0.7359375 0.03046875 0.05
5 0.48671875 0.8 0.02734375 0.0546875
5 0.434375 0.77890625 0.02734375 0.05546875
5 0.52578125 0.69375 0.0203125 0.03046875
5 0.46171875 0.709375 0.01796875 0.03984375
5 0.57265625 0.6390625 0.02109375 0.0328125
5 0.5875 0.621875 0.01953125 0.02421875
5 0.52734375 0.64609375 0.025 0.02734375
5 0.61953125 0.57109375 0.025 0.05390625
5 0.54921875 0.62421875 0.02265625 0.03125
5 0.5453125 0.665625 0.02734375 0.0390625
5 0.63203125 0.68671875 0.02109375 0.0453125
5 0.44140625 0.49453125 0.01875 0.02421875
5 0.38984375 0.8390625 0.025 0.0546875
5 0.4203125 0.8234375 0.025 0.0546875
5 0.6 0.60078125 0.02109375 0.025