5 0.44609375 0.74375 0.02734375 0.0421875
5 0.49375 0.8015625 0.03046875 0.04609375
5 0.45703125 0.71953125 0.028125 0.040625
5 0.48984375 0.7703125 0.025 0.040625
5 0.48125 0.69609375 0.02890625 0.034375
5 0.50703125 0.65703125 0.028125 0.04375
5 0.4921875 0.73828125 0.0234375 0.0359375
5 0.5265625 0.6875 0.02734375 0.03515625
5 0.5484375 0.66484375 0.02421875 0.0328125
5 0.55234375 0.62734375 0.021875 0.02578125
5 0.57578125 0.634375 0.01796875 0.0265625
5 0.5640625 0.60546875 0.0203125 0.0265625
5 0.61640625 0.79296875 0.02109375 0.04921875
5 0.63359375 0.734375 0.01796875 0.04921875
5 0.59609375 0.60625 0.0359375 0.06015625
5 0.440625 0.8125 0.13515625 0.17421875