5 0.43203125 0.784375 0.028125 0.05390625
5 0.44609375 0.7515625 0.028125 0.0453125
5 0.61640625 0.79453125 0.02265625 0.046875
5 0.63515625 0.734375 0.01796875 0.04609375
5 0.4921875 0.68046875 0.025 0.0390625
5 0.5265625 0.69140625 0.02578125 0.03515625
5 0.53984375 0.63828125 0.0203125 0.03203125
5 0.49375 0.78671875 0.02421875 0.0390625
5 0.5046875 0.71640625 0.028125 0.034375
5 0.5203125 0.65 0.02109375 0.0375
5 0.49375 0.74609375 0.0265625 0.0421875
5 0.55078125 0.66875 0.02265625 0.03046875
5 0.503125 0.8265625 0.028125 0.05625
5 0.46640625 0.7078125 0.03125 0.04453125
5 0.571875 0.63984375 0.0171875 0.028125
5 0.4453125 0.9890625 0.046875 0.021875
5 0.390625 0.52734375 0.02421875 0.02734375