5 0.440625 0.7796875 0.0296875 0.05078125
5 0.45 0.73046875 0.02734375 0.05703125
5 0.5109375 0.9390625 0.03203125 0.0671875
5 0.496875 0.80859375 0.03203125 0.0640625
5 0.4765625 0.7015625 0.03046875 0.0359375
5 0.48984375 0.73671875 0.028125 0.04765625
5 0.50625 0.66328125 0.0234375 0.03203125
5 0.61640625 0.79296875 0.02109375 0.04921875
5 0.63359375 0.734375 0.01796875 0.04921875
5 0.54296875 0.66484375 0.05 0.07421875
5 0.41484375 0.4953125 0.03828125 0.0546875
5 0.57578125 0.63515625 0.01640625 0.03125
5 0.58984375 0.6234375 0.0203125 0.03203125
5 0.61328125 0.5765625 0.028125 0.0625
5 0.58046875 0.59140625 0.01875 0.02734375
5 0.55703125 0.61015625 0.02734375 0.03515625