5 0.4484375 0.9953125 0.05 0.009375
5 0.50078125 0.85390625 0.03046875 0.07421875
5 0.4515625 0.79296875 0.02421875 0.05234375
5 0.4546875 0.73046875 0.03046875 0.0359375
5 0.47578125 0.70234375 0.03359375 0.04453125
5 0.48671875 0.68203125 0.025 0.03828125
5 0.50546875 0.66875 0.02265625 0.0484375
5 0.61640625 0.79453125 0.02265625 0.046875
5 0.63515625 0.734375 0.01796875 0.04609375
5 0.43125 0.8765625 0.05078125 0.06875
5 0.44921875 0.7640625 0.02578125 0.03359375
5 0.52578125 0.6484375 0.025 0.0390625
5 0.49375 0.78671875 0.0265625 0.053125
5 0.58046875 0.6265625 0.07265625 0.11484375