5 0.44296875 0.75390625 0.0265625 0.0484375
5 0.49765625 0.8359375 0.03359375 0.05703125
5 0.45546875 0.71953125 0.028125 0.040625
5 0.49140625 0.78359375 0.02578125 0.0484375
5 0.475 0.70078125 0.02890625 0.034375
5 0.4984375 0.6671875 0.03125 0.04609375
5 0.48984375 0.74609375 0.0265625 0.04296875
5 0.51328125 0.7046875 0.02734375 0.03515625
5 0.54140625 0.678125 0.028125 0.0390625
5 0.54375 0.63359375 0.021875 0.02578125
5 0.56796875 0.646875 0.01796875 0.0265625
5 0.56015625 0.60859375 0.0203125 0.0265625
5 0.61640625 0.79296875 0.02109375 0.04921875
5 0.63359375 0.734375 0.01796875 0.04921875
5 0.58984375 0.6109375 0.0359375 0.06015625
5 0.5703125 0.925 0.134375 0.15
5 0.434375 0.815625 0.03125 0.0578125
5 0.35078125 0.534375 0.025 0.0328125
5 0.25859375 0.5765625 0.03359375 0.03515625