5 0.61640625 0.79296875 0.02109375 0.04921875
5 0.63515625 0.734375 0.01796875 0.04921875
5 0.49375 0.77734375 0.04140625 0.13125
5 0.43359375 0.7796875 0.02734375 0.04765625
5 0.50703125 0.66171875 0.0265625 0.0375
5 0.53828125 0.67421875 0.03046875 0.0359375
5 0.5703125 0.640625 0.025 0.03203125
5 0.584375 0.6203125 0.0203125 0.02890625
5 0.4546875 0.725 0.028125 0.03984375
5 0.55390625 0.615625 0.01875 0.02890625
5 0.5765625 0.5921875 0.01796875 0.0265625
5 0.52734375 0.6453125 0.01875 0.03046875
5 0.44296875 0.48984375 0.0203125 0.03203125
5 0.4796875 0.6890625 0.025 0.028125
5 0.5890625 0.57734375 0.01484375 0.025
5 0.40625 0.83984375 0.05859375 0.0671875