5 0.44140625 0.78671875 0.0296875 0.05078125
5 0.4484375 0.7390625 0.02734375 0.05703125
5 0.6671875 0.996875 0.078125 0.00546875
5 0.50078125 0.82734375 0.0359375 0.0640625
5 0.47109375 0.7109375 0.03046875 0.0359375
5 0.48359375 0.77578125 0.028125 0.04765625
5 0.47890625 0.6859375 0.0234375 0.03203125
5 0.61640625 0.79296875 0.02109375 0.04921875
5 0.63359375 0.734375 0.01796875 0.04921875
5 0.503125 0.70625 0.059375 0.10078125
5 0.54375 0.6765625 0.0234375 0.040625
5 0.56640625 0.64765625 0.0203125 0.03203125
5 0.6078125 0.58359375 0.0328125 0.059375
5 0.5578125 0.6171875 0.01875 0.02734375
5 0.5359375 0.6359375 0.02421875 0.03359375
5 0.48203125 0.878125 0.059375 0.06875
5 0.5921875 0.6171875 0.01953125 0.03359375
5 0.5703125 0.60234375 0.01328125 0.03359375