5 0.53046875 0.959375 0.0453125 0.08046875
5 0.50703125 0.8328125 0.034375 0.0734375
5 0.5015625 0.6515625 0.0421875 0.06796875
5 0.61640625 0.7921875 0.02421875 0.05078125
5 0.634375 0.73125 0.02265625 0.06015625
5 0.48828125 0.77265625 0.01484375 0.04453125
5 0.49453125 0.74140625 0.0296875 0.04609375
5 0.51640625 0.70546875 0.03046875 0.05078125
5 0.5484375 0.66875 0.0234375 0.05234375
5 0.58046875 0.628125 0.0203125 0.0453125
5 0.39921875 0.51171875 0.02265625 0.025
5 0.41015625 0.52421875 0.0203125 0.0203125
5 0.6015625 0.45625 0.01796875 0.02734375
5 0.50078125 0.48203125 0.015625 0.01875
5 0.6171875 0.44765625 0.0109375 0.0171875