5 0.4265625 0.81328125 0.03046875 0.05546875
5 0.44375 0.74921875 0.03203125 0.04453125
5 0.61640625 0.79296875 0.02109375 0.04921875
5 0.63515625 0.734375 0.01796875 0.04921875
5 0.49765625 0.80703125 0.0484375 0.16015625
5 0.5015625 0.71953125 0.0265625 0.03828125
5 0.54921875 0.65234375 0.0453125 0.0703125
5 0.4796875 0.690625 0.02890625 0.04609375
5 0.5234375 0.6921875 0.02421875 0.0359375
5 0.45703125 0.7109375 0.028125 0.0359375
5 0.58125 0.6328125 0.0203125 0.03046875
5 0.50625 0.66640625 0.0171875 0.03515625
5 0.43828125 0.8765625 0.0546875 0.08828125