5 0.565625 0.9453125 0.05546875 0.0765625
5 0.6125 0.99140625 0.059375 0.01640625
5 0.45546875 0.8796875 0.0390625 0.078125
5 0.4953125 0.80234375 0.028125 0.05703125
5 0.4875 0.75 0.03046875 0.04453125
5 0.4421875 0.7671875 0.03125 0.05078125
5 0.45234375 0.721875 0.02578125 0.034375
5 0.471875 0.6984375 0.028125 0.03515625
5 0.50390625 0.71796875 0.0296875 0.034375
5 0.4921875 0.67734375 0.0296875 0.0375
5 0.53203125 0.690625 0.02109375 0.0328125
5 0.51953125 0.6546875 0.02421875 0.0296875
5 0.54375 0.6234375 0.021875 0.0390625
5 0.54609375 0.66875 0.01796875 0.028125
5 0.5671875 0.6484375 0.02265625 0.02890625
5 0.5796875 0.62890625 0.01953125 0.0296875
5 0.57421875 0.6015625 0.01953125 0.021875
5 0.59296875 0.61875 0.01796875 0.0265625
5 0.58828125 0.5828125 0.0171875 0.0234375
5 0.6 0.5671875 0.0203125 0.0265625
5 0.61640625 0.79296875 0.02109375 0.04921875
5 0.63359375 0.734375 0.01796875 0.04921875
5 0.2703125 0.57109375 0.0265625 0.0390625
5 0.38671875 0.51875 0.01875 0.0265625