5 0.61640625 0.79296875 0.02109375 0.04921875
5 0.63515625 0.734375 0.01796875 0.04921875
5 0.52265625 0.9203125 0.0515625 0.159375
5 0.4421875 0.7828125 0.0296875 0.04609375
5 0.49921875 0.73828125 0.03125 0.0453125
5 0.515625 0.70390625 0.02734375 0.0359375
5 0.446875 0.7390625 0.028125 0.040625
5 0.59296875 0.60546875 0.03359375 0.0578125
5 0.47421875 0.69609375 0.02890625 0.034375
5 0.48359375 0.78046875 0.0234375 0.05
5 0.540625 0.675 0.025 0.02890625
5 0.5078125 0.66015625 0.0234375 0.03125
5 0.53203125 0.640625 0.02109375 0.028125
5 0.5671875 0.6015625 0.01953125 0.02578125
5 0.5515625 0.628125 0.0234375 0.03046875
5 0.56328125 0.65234375 0.02421875 0.03125
5 0.40625 0.5078125 0.0203125 0.02890625