5 0.44140625 0.775 0.03046875 0.05703125
5 0.44140625 0.7359375 0.028125 0.040625
5 0.46640625 0.7046875 0.025 0.03828125
5 0.61640625 0.79453125 0.02265625 0.046875
5 0.63515625 0.734375 0.01796875 0.04609375
5 0.51328125 0.65625 0.025 0.0390625
5 0.5265625 0.91484375 0.05625 0.1703125
5 0.4921875 0.75625 0.04140625 0.125
5 0.61015625 0.59375 0.01796875 0.02890625
5 0.5765625 0.59765625 0.01640625 0.028125
5 0.5328125 0.6359375 0.01640625 0.0296875
5 0.54609375 0.67109375 0.0234375 0.03515625
5 0.59140625 0.61875 0.021875 0.03125
5 0.59296875 0.57265625 0.0171875 0.03359375
5 0.5484375 0.62265625 0.01796875 0.03671875
5 0.571875 0.634375 0.01796875 0.03046875
5 0.6265625 0.5734375 0.01875 0.02734375
5 0.3796875 0.521875 0.02578125 0.0265625