5 0.43203125 0.82109375 0.028125 0.05390625
5 0.44453125 0.765625 0.02890625 0.046875
5 0.61640625 0.79453125 0.02265625 0.046875
5 0.63515625 0.734375 0.01796875 0.04609375
5 0.47421875 0.69296875 0.025 0.0390625
5 0.5265625 0.69140625 0.02578125 0.03515625
5 0.52421875 0.65 0.0203125 0.03203125
5 0.49375 0.78671875 0.02421875 0.0390625
5 0.5046875 0.71640625 0.028125 0.034375
5 0.5015625 0.66796875 0.02109375 0.0375
5 0.49375 0.74609375 0.0265625 0.0421875
5 0.5421875 0.67421875 0.02265625 0.03046875
5 0.503125 0.8265625 0.028125 0.05625
5 0.45859375 0.71328125 0.03125 0.04453125
5 0.503125 0.9640625 0.0375 0.071875