5 0.52109375 0.99453125 0.0421875 0.0109375
5 0.4828125 0.871875 0.02265625 0.06953125
5 0.48671875 0.7921875 0.03125 0.053125
5 0.44140625 0.7921875 0.03125 0.05078125
5 0.440625 0.74765625 0.02890625 0.03984375
5 0.45859375 0.7171875 0.02734375 0.0390625
5 0.490625 0.7421875 0.03125 0.03671875
5 0.484375 0.69140625 0.028125 0.040625
5 0.5109375 0.71171875 0.0265625 0.034375
5 0.5140625 0.659375 0.02578125 0.03046875
5 0.54140625 0.62890625 0.02734375 0.0421875
5 0.5296875 0.68984375 0.0234375 0.0359375
5 0.5671875 0.6484375 0.02265625 0.02890625
5 0.5796875 0.62890625 0.01953125 0.0296875
5 0.5671875 0.6078125 0.021875 0.02578125
5 0.59296875 0.61875 0.01796875 0.0265625
5 0.58359375 0.58515625 0.0171875 0.0234375
5 0.61640625 0.79296875 0.02109375 0.04921875
5 0.63359375 0.734375 0.01796875 0.04921875
5 0.41796875 0.509375 0.025 0.02578125
5 0.38203125 0.83046875 0.046875 0.06953125