5 0.51953125 0.9734375 0.0390625 0.053125
5 0.453125 0.94296875 0.053125 0.1140625
5 0.4890625 0.81015625 0.0296875 0.0703125
5 0.43203125 0.80625 0.02734375 0.0609375
5 0.48515625 0.7546875 0.0265625 0.04921875
5 0.5046875 0.703125 0.04375 0.075
5 0.6171875 0.790625 0.02421875 0.04453125
5 0.63671875 0.7359375 0.01875 0.05234375
5 0.35625 0.54375 0.03359375 0.03359375
5 0.48671875 0.48671875 0.0203125 0.0265625
5 0.353125 0.53984375 0.02265625 0.03046875
5 0.48359375 0.484375 0.0171875 0.0265625