5 0.44296875 0.815625 0.03515625 0.0640625
5 0.4484375 0.7453125 0.03046875 0.04296875
5 0.47109375 0.69375 0.0328125 0.04921875
5 0.52421875 0.93125 0.06328125 0.08515625
5 0.48671875 0.7875 0.03046875 0.0546875
5 0.49609375 0.73359375 0.03359375 0.0453125
5 0.50703125 0.6703125 0.03046875 0.0359375
5 0.53046875 0.684375 0.02734375 0.0359375
5 0.528125 0.64296875 0.0234375 0.03203125
5 0.61640625 0.79296875 0.02109375 0.04921875
5 0.63359375 0.734375 0.01796875 0.04921875
5 0.565625 0.6375 0.05 0.07421875
5 0.4625 0.490625 0.01875 0.025
5 0.24765625 0.5625 0.075 0.0640625