5 0.61640625 0.79296875 0.02109375 0.04921875
5 0.63515625 0.734375 0.01796875 0.04921875
5 0.50390625 0.83515625 0.03203125 0.06015625
5 0.5140625 0.68828125 0.05078125 0.08359375
5 0.42421875 0.81171875 0.03203125 0.06015625
5 0.4890625 0.79609375 0.028125 0.04375
5 0.44140625 0.7625 0.03046875 0.04296875
5 0.4515625 0.73046875 0.028125 0.03203125
5 0.47109375 0.7046875 0.02421875 0.03046875
5 0.4890625 0.7515625 0.03203125 0.03828125
5 0.55 0.6671875 0.01953125 0.034375
5 0.54921875 0.6203125 0.0171875 0.0296875
5 0.56796875 0.6421875 0.01875 0.03046875
5 0.403125 0.99140625 0.15 0.01640625
5 0.50546875 0.478125 0.01875 0.02109375
5 0.59453125 0.61640625 0.01875 0.03046875
5 0.5515625 0.94921875 0.025 0.06796875
5 0.2421875 0.58046875 0.0375 0.0328125