5 0.43359375 0.77890625 0.0296875 0.05390625
5 0.61640625 0.79296875 0.02109375 0.04921875
5 0.63515625 0.734375 0.01796875 0.04921875
5 0.74375 0.98984375 0.196875 0.0203125
5 0.50078125 0.83125 0.03125 0.05859375
5 0.52734375 0.678125 0.05859375 0.08671875
5 0.459375 0.7125 0.02890625 0.04609375
5 0.4921875 0.7328125 0.02421875 0.0359375
5 0.4421875 0.74140625 0.02890625 0.040625
5 0.5765625 0.63671875 0.0203125 0.03046875
5 0.48359375 0.68671875 0.02578125 0.0359375
5 0.48671875 0.77734375 0.02578125 0.04921875
5 0.525 0.9375 0.05546875 0.0671875
5 0.48125 0.88125 0.0265625 0.06484375
5 0.590625 0.61953125 0.02109375 0.0328125
5 0.6046875 0.59765625 0.01953125 0.02421875
5 0.5609375 0.6109375 0.0203125 0.02734375
5 0.58046875 0.58984375 0.01875 0.025
5 0.5953125 0.5734375 0.0171875 0.0234375
5 0.43046875 0.83125 0.06015625 0.065625
5 0.4125 0.50703125 0.01171875 0.03515625