5 0.61640625 0.79375 0.02421875 0.0546875
5 0.63359375 0.7359375 0.0203125 0.0421875
5 0.5296875 0.9203125 0.05625 0.159375
5 0.48671875 0.78125 0.0265625 0.0515625
5 0.528125 0.6484375 0.02109375 0.0390625
5 0.58125 0.61953125 0.025 0.0453125
5 0.5484375 0.62578125 0.0203125 0.03984375
5 0.45 0.76796875 0.028125 0.053125
5 0.46796875 0.70546875 0.0359375 0.05
5 0.50390625 0.721875 0.03125 0.05703125
5 0.5015625 0.675 0.02265625 0.03515625
5 0.53359375 0.68203125 0.021875 0.040625
5 0.55625 0.66015625 0.021875 0.03515625
5 0.44453125 0.85 0.0328125 0.06796875
5 0.34765625 0.55078125 0.0234375 0.025
5 0.3890625 0.5328125 0.0203125 0.02265625
5 0.39921875 0.51484375 0.01953125 0.0203125