5 0.61640625 0.79296875 0.02109375 0.04921875
5 0.63515625 0.734375 0.01796875 0.04921875
5 0.49375 0.77734375 0.04140625 0.13125
5 0.4734375 0.97734375 0.034375 0.0453125
5 0.43203125 0.7890625 0.02734375 0.04765625
5 0.5 0.67109375 0.0265625 0.0375
5 0.51875 0.696875 0.03046875 0.0359375
5 0.56484375 0.65078125 0.025 0.03203125
5 0.58046875 0.62578125 0.0203125 0.02890625
5 0.44609375 0.74609375 0.028125 0.03984375
5 0.54140625 0.6296875 0.01875 0.02890625
5 0.565625 0.60859375 0.01796875 0.0265625
5 0.5203125 0.65390625 0.01875 0.03046875
5 0.4921875 0.47265625 0.0203125 0.03203125
5 0.47109375 0.7015625 0.03203125 0.04453125
5 0.578125 0.59140625 0.01484375 0.025
5 0.38046875 0.815625 0.03984375 0.0484375
5 0.59375 0.609375 0.01953125 0.03046875