5 0.61640625 0.79375 0.02421875 0.0546875
5 0.63359375 0.7359375 0.0203125 0.0421875
5 0.51875 0.69765625 0.0375 0.0546875
5 0.46484375 0.7140625 0.028125 0.03984375
5 0.4453125 0.77109375 0.028125 0.05703125
5 0.45234375 0.86640625 0.0328125 0.075
5 0.49453125 0.8015625 0.03125 0.05625
5 0.4859375 0.68359375 0.0265625 0.0359375
5 0.4109375 0.5125 0.01796875 0.01953125
5 0.56015625 0.65 0.01796875 0.0328125
5 0.55234375 0.6171875 0.021875 0.0296875
5 0.515625 0.65625 0.0234375 0.0296875
5 0.52890625 0.96796875 0.0390625 0.0640625
5 0.38984375 0.53046875 0.021875 0.0234375
5 0.57734375 0.6296875 0.0171875 0.03125
5 0.59921875 0.6078125 0.0203125 0.03125
5 0.4859375 0.7328125 0.0109375 0.0421875
5 0.615625 0.584375 0.01953125 0.025
5 0.59296875 0.5765625 0.0203125 0.02890625