5 0.43515625 0.7765625 0.0296875 0.05390625
5 0.61640625 0.79296875 0.02109375 0.04921875
5 0.63515625 0.734375 0.01796875 0.04921875
5 0.6078125 0.9265625 0.146875 0.146875
5 0.49453125 0.8125 0.028125 0.05625
5 0.53671875 0.66953125 0.05078125 0.0765625
5 0.46640625 0.70859375 0.02890625 0.04609375
5 0.50390625 0.7171875 0.02421875 0.0359375
5 0.44375 0.73515625 0.02890625 0.040625
5 0.57890625 0.6328125 0.0203125 0.03046875
5 0.48828125 0.68359375 0.0171875 0.03515625
5 0.4875 0.7578125 0.02734375 0.04375
5 0.50546875 0.665625 0.02265625 0.0375
5 0.41015625 0.83515625 0.0515625 0.06484375
5 0.36875 0.79453125 0.02109375 0.05078125