5 0.43671875 0.82578125 0.03203125 0.0625
5 0.44296875 0.75 0.0296875 0.05390625
5 0.5421875 0.9140625 0.04453125 0.0703125
5 0.46953125 0.7046875 0.02890625 0.034375
5 0.49296875 0.66953125 0.03125 0.04609375
5 0.4890625 0.8015625 0.028125 0.05703125
5 0.49140625 0.72890625 0.0296875 0.04140625
5 0.5234375 0.6953125 0.028125 0.0390625
5 0.51875 0.6578125 0.02578125 0.028125
5 0.55078125 0.66484375 0.021875 0.03046875
5 0.54609375 0.62578125 0.0203125 0.0265625
5 0.61640625 0.79296875 0.02109375 0.04921875
5 0.63359375 0.734375 0.01796875 0.04921875
5 0.5734375 0.62734375 0.04453125 0.0640625
5 0.41015625 0.509375 0.021875 0.02734375
5 0.47421875 0.48515625 0.01875 0.025