5 0.453125 0.9015625 0.0359375 0.10390625
5 0.44375 0.753125 0.02890625 0.0484375
5 0.57265625 0.9625 0.0484375 0.075
5 0.471875 0.69765625 0.034375 0.040625
5 0.61640625 0.79296875 0.02109375 0.04921875
5 0.63515625 0.734375 0.01796875 0.04921875
5 0.4890625 0.78203125 0.04140625 0.10703125
5 0.5203125 0.69609375 0.0265625 0.03828125
5 0.5734375 0.6296875 0.05078125 0.07578125
5 0.5375 0.640625 0.01875 0.02734375
5 0.51875 0.65234375 0.02421875 0.03359375
5 0.54296875 0.67421875 0.01953125 0.03359375
5 0.49765625 0.67421875 0.028125 0.0359375
5 0.55 0.6234375 0.021875 0.0296875