5 0.44140625 0.84296875 0.0296875 0.06640625
5 0.44296875 0.7515625 0.028125 0.065625
5 0.5140625 0.8796875 0.0390625 0.075
5 0.4625 0.715625 0.0203125 0.04140625
5 0.48515625 0.7796875 0.028125 0.04765625
5 0.47890625 0.6859375 0.0234375 0.03203125
5 0.61640625 0.79296875 0.02109375 0.04921875
5 0.63515625 0.734375 0.01796875 0.04921875
5 0.496875 0.71953125 0.05390625 0.0984375
5 0.5328125 0.68828125 0.0234375 0.040625
5 0.55078125 0.66484375 0.0203125 0.03203125
5 0.6015625 0.59375 0.0328125 0.059375
5 0.55 0.628125 0.01875 0.02734375
5 0.521875 0.6484375 0.02421875 0.03359375
5 0.4578125 0.96796875 0.015625 0.0640625
5 0.58046875 0.628125 0.01953125 0.03359375
5 0.65390625 0.9984375 0.0671875 0.003125