5 0.61640625 0.79296875 0.02109375 0.04921875
5 0.63515625 0.734375 0.01796875 0.04921875
5 0.50234375 0.80078125 0.05625 0.1390625
5 0.4609375 0.95234375 0.034375 0.0734375
5 0.4296875 0.803125 0.02734375 0.04765625
5 0.4921875 0.6796875 0.0265625 0.0375
5 0.509375 0.7125 0.03046875 0.0359375
5 0.55546875 0.65859375 0.025 0.03203125
5 0.57578125 0.63515625 0.0203125 0.02890625
5 0.4421875 0.7578125 0.028125 0.04453125
5 0.53671875 0.63359375 0.021875 0.0296875
5 0.5578125 0.61875 0.01796875 0.0265625
5 0.5171875 0.6546875 0.021875 0.03046875
5 0.53984375 0.4625 0.01640625 0.02734375
5 0.46640625 0.7171875 0.03203125 0.04453125
5 0.57265625 0.60390625 0.01484375 0.025
5 0.42734375 0.85625 0.06640625 0.0875
5 0.59375 0.609375 0.01953125 0.03046875