5 0.61640625 0.79375 0.02421875 0.0546875
5 0.63359375 0.7359375 0.0203125 0.0421875
5 0.459375 0.95390625 0.03984375 0.0765625
5 0.50234375 0.9765625 0.0953125 0.046875
5 0.50546875 0.83828125 0.03203125 0.059375
5 0.51484375 0.65703125 0.025 0.03984375
5 0.57265625 0.63359375 0.025 0.0453125
5 0.54296875 0.63046875 0.0203125 0.03984375
5 0.44375 0.76953125 0.01484375 0.05
5 0.45546875 0.71796875 0.03203125 0.0484375
5 0.49453125 0.74453125 0.028125 0.05
5 0.48984375 0.68671875 0.02265625 0.03515625
5 0.52421875 0.690625 0.02734375 0.03984375
5 0.55 0.6671875 0.021875 0.03515625
5 0.4453125 0.8328125 0.0328125 0.06796875
5 0.42578125 0.515625 0.0203125 0.02265625
5 0.4578125 0.50390625 0.01953125 0.0203125
5 0.5328125 0.93671875 0.01640625 0.04375
5 0.4765625 0.8 0.0125 0.04140625