5 0.61640625 0.79296875 0.02109375 0.04921875
5 0.63515625 0.734375 0.01796875 0.04921875
5 0.50234375 0.8171875 0.03046875 0.0609375
5 0.4859375 0.7609375 0.028125 0.04296875
5 0.43984375 0.85234375 0.03125 0.0671875
5 0.56875 0.63046875 0.03828125 0.0625
5 0.44140625 0.75078125 0.03046875 0.0421875
5 0.51171875 0.89921875 0.03203125 0.06796875
5 0.49765625 0.72578125 0.0265625 0.03515625
5 0.46953125 0.70546875 0.0296875 0.03671875
5 0.49375 0.6828125 0.025 0.0296875
5 0.52421875 0.65234375 0.0234375 0.03046875
5 0.52421875 0.69375 0.02734375 0.0328125
5 0.4734375 0.4828125 0.015625 0.02578125
5 0.36484375 0.528125 0.01796875 0.02109375