5 0.61640625 0.79296875 0.02109375 0.04921875
5 0.63515625 0.734375 0.01796875 0.04921875
5 0.49609375 0.821875 0.03203125 0.06015625
5 0.5390625 0.66328125 0.04765625 0.08046875
5 0.43203125 0.78671875 0.0296875 0.05625
5 0.4859375 0.76640625 0.028125 0.04375
5 0.4453125 0.7375 0.03203125 0.03984375
5 0.47109375 0.70625 0.028125 0.03203125
5 0.503125 0.6671875 0.02421875 0.03046875
5 0.5015625 0.72421875 0.03203125 0.03828125
5 0.575 0.6359375 0.01953125 0.034375
5 0.57421875 0.596875 0.0171875 0.0296875
5 0.590625 0.6125 0.01875 0.03046875
5 0.4203125 0.8328125 0.125 0.18203125
5 0.33125 0.55546875 0.02578125 0.0359375