5 0.61640625 0.79296875 0.02109375 0.04921875
5 0.63515625 0.734375 0.01796875 0.04921875
5 0.4953125 0.79921875 0.0453125 0.15546875
5 0.428125 0.784375 0.02734375 0.05390625
5 0.4546875 0.72578125 0.02890625 0.04296875
5 0.53671875 0.68125 0.0265625 0.0328125
5 0.55234375 0.659375 0.02265625 0.025
5 0.478125 0.690625 0.028125 0.040625
5 0.60546875 0.5875 0.03046875 0.05625
5 0.5046875 0.6640625 0.0265625 0.03359375
5 0.51328125 0.70703125 0.0328125 0.04140625
5 0.44609375 0.96796875 0.0390625 0.0640625
5 0.4546875 0.85859375 0.02421875 0.05390625
5 0.575 0.63515625 0.025 0.02890625
5 0.52578125 0.64765625 0.0234375 0.03125
5 0.540625 0.63125 0.02109375 0.028125
5 0.57734375 0.596875 0.01953125 0.02578125
5 0.5578125 0.621875 0.0234375 0.03046875
5 0.2328125 0.5828125 0.0421875 0.05234375