5 0.465625 0.84453125 0.06796875 0.1234375
5 0.5046875 0.83203125 0.03515625 0.06484375
5 0.38359375 0.79140625 0.05078125 0.0671875
5 0.440625 0.77421875 0.0296875 0.046875
5 0.49140625 0.77734375 0.028125 0.04921875
5 0.496875 0.734375 0.03046875 0.04453125
5 0.446875 0.73984375 0.0265625 0.03515625
5 0.45859375 0.7125 0.02578125 0.034375
5 0.4765625 0.690625 0.028125 0.03515625
5 0.52421875 0.69375 0.0296875 0.034375
5 0.5046875 0.6671875 0.0296875 0.0375
5 0.54140625 0.675 0.02109375 0.0328125
5 0.53125 0.64140625 0.02421875 0.0296875
5 0.5546875 0.6140625 0.021875 0.0390625
5 0.55234375 0.66171875 0.01796875 0.028125
5 0.5671875 0.64296875 0.02265625 0.02890625
5 0.5859375 0.6265625 0.01953125 0.0296875
5 0.5765625 0.5984375 0.01953125 0.021875
5 0.6015625 0.60625 0.01796875 0.0265625
5 0.58828125 0.5828125 0.0171875 0.0234375
5 0.6 0.5671875 0.0203125 0.0265625
5 0.5265625 0.475 0.01484375 0.01640625
5 0.61640625 0.79296875 0.02109375 0.04921875
5 0.63359375 0.734375 0.01796875 0.04921875