5 0.43828125 0.7640625 0.0359375 0.05234375
5 0.61640625 0.79296875 0.02109375 0.04921875
5 0.63515625 0.734375 0.01796875 0.04921875
5 0.52421875 0.86015625 0.0921875 0.17578125
5 0.48515625 0.77109375 0.0265625 0.03828125
5 0.5453125 0.65625 0.05078125 0.0765625
5 0.4765625 0.69296875 0.02890625 0.04609375
5 0.51640625 0.6984375 0.02421875 0.0359375
5 0.45234375 0.71953125 0.03359375 0.03828125
5 0.57890625 0.6328125 0.0203125 0.03046875
5 0.496875 0.678125 0.0171875 0.03515625
5 0.44609375 0.9015625 0.03828125 0.07734375
5 0.496875 0.73203125 0.02734375 0.04375
5 0.5109375 0.66015625 0.02265625 0.0375