5 0.4515625 0.79296875 0.02421875 0.05234375
5 0.4546875 0.73046875 0.03046875 0.0359375
5 0.47578125 0.70234375 0.03359375 0.04453125
5 0.48671875 0.68203125 0.025 0.03828125
5 0.50546875 0.66875 0.02265625 0.0484375
5 0.61640625 0.79453125 0.02265625 0.046875
5 0.63515625 0.734375 0.01796875 0.04609375
5 0.44921875 0.7640625 0.02578125 0.03359375
5 0.52578125 0.6484375 0.025 0.0390625
5 0.503125 0.83125 0.0265625 0.053125
5 0.5109375 0.6953125 0.0625 0.090625
5 0.50234375 0.890625 0.0484375 0.0609375
5 0.56171875 0.6484375 0.03671875 0.071875
5 0.61640625 0.58984375 0.021875 0.03984375
5 0.5765625 0.59765625 0.01640625 0.028125
5 0.534375 0.63125 0.01640625 0.0296875
5 0.225 0.57265625 0.059375 0.04765625
5 0.40703125 0.525 0.021875 0.02265625