5 0.4375 0.77109375 0.03046875 0.05546875
5 0.46015625 0.7171875 0.03125 0.0390625
5 0.61640625 0.79296875 0.02109375 0.04921875
5 0.63515625 0.734375 0.01796875 0.04921875
5 0.48828125 0.7796875 0.04296875 0.140625
5 0.51171875 0.70859375 0.0265625 0.03828125
5 0.56171875 0.6375 0.0453125 0.0703125
5 0.5375 0.640625 0.01875 0.02734375
5 0.5171875 0.65078125 0.025 0.0421875
5 0.53515625 0.67890625 0.02421875 0.0359375
5 0.4828125 0.68515625 0.028125 0.0359375
5 0.55 0.6234375 0.021875 0.0296875
5 0.36953125 0.80234375 0.040625 0.06875