5 0.61640625 0.79375 0.02421875 0.0546875
5 0.63359375 0.7359375 0.0203125 0.0421875
5 0.48984375 0.684375 0.025 0.03984375
5 0.55859375 0.653125 0.025 0.0453125
5 0.52265625 0.653125 0.02265625 0.03984375
5 0.46796875 0.9421875 0.015625 0.06953125
5 0.440625 0.78046875 0.03203125 0.06484375
5 0.503125 0.81875 0.03671875 0.065625
5 0.45703125 0.725 0.03125 0.0390625
5 0.49765625 0.7296875 0.02734375 0.03984375
5 0.53046875 0.690625 0.0265625 0.03515625
5 0.61484375 0.9875 0.0671875 0.025
5 0.49453125 0.91796875 0.0125 0.05625
5 0.53828125 0.63359375 0.02109375 0.03046875
5 0.35234375 0.534375 0.025 0.02265625
5 0.6 0.6015625 0.01796875 0.0328125
5 0.5875 0.58046875 0.01640625 0.02890625
5 0.56953125 0.6046875 0.0234375 0.0296875