5 0.42890625 0.77109375 0.028125 0.05390625
5 0.45234375 0.728125 0.025 0.03828125
5 0.61640625 0.79453125 0.02265625 0.046875
5 0.63515625 0.734375 0.01796875 0.04609375
5 0.4921875 0.68046875 0.025 0.0390625
5 0.56015625 0.653125 0.0203125 0.03046875
5 0.5484375 0.6296875 0.0203125 0.03203125
5 0.51015625 0.6625 0.021875 0.03203125
5 0.49140625 0.76875 0.02421875 0.0390625
5 0.534375 0.6828125 0.028125 0.034375
5 0.57421875 0.60546875 0.0171875 0.03359375
5 0.5296875 0.64453125 0.02109375 0.0375
5 0.50078125 0.72578125 0.0265625 0.0421875
5 0.59375 0.61640625 0.01875 0.02734375
5 0.49921875 0.8171875 0.028125 0.05625
5 0.35625 0.54453125 0.02421875 0.03046875
5 0.475 0.6984375 0.025 0.04609375
5 0.44765625 0.85078125 0.0296875 0.06171875
5 0.6140625 0.99453125 0.0375 0.0109375
5 0.61328125 0.58984375 0.01484375 0.02578125
5 0.584375 0.58046875 0.01953125 0.03515625
5 0.56015625 0.91484375 0.0234375 0.06328125