5 0.42734375 0.784375 0.028125 0.05390625
5 0.44609375 0.74375 0.028125 0.0453125
5 0.61640625 0.79453125 0.02265625 0.046875
5 0.63515625 0.734375 0.01796875 0.04609375
5 0.4921875 0.68046875 0.025 0.0390625
5 0.5265625 0.69140625 0.02578125 0.03515625
5 0.5484375 0.6296875 0.0203125 0.03203125
5 0.51015625 0.6625 0.021875 0.03203125
5 0.49375 0.78359375 0.02421875 0.0390625
5 0.5046875 0.71640625 0.028125 0.034375
5 0.57421875 0.60546875 0.0171875 0.03359375
5 0.5296875 0.64453125 0.02109375 0.0375
5 0.49375 0.74609375 0.0265625 0.0421875
5 0.56171875 0.65390625 0.02265625 0.03046875
5 0.503125 0.8265625 0.028125 0.05625
5 0.46953125 0.7046875 0.03125 0.04453125
5 0.5796875 0.628125 0.0171875 0.028125
5 0.584375 0.58046875 0.01953125 0.03515625
5 0.4734375 0.96484375 0.040625 0.0703125
5 0.446875 0.8734375 0.0359375 0.078125