5 0.61640625 0.79375 0.02421875 0.0546875
5 0.63359375 0.7359375 0.0203125 0.0421875
5 0.475 0.7 0.025 0.03984375
5 0.5515625 0.66484375 0.025 0.0453125
5 0.51015625 0.66875 0.02265625 0.03984375
5 0.440625 0.78046875 0.03203125 0.06484375
5 0.51953125 0.8578125 0.04140625 0.07109375
5 0.45078125 0.740625 0.03125 0.0390625
5 0.49140625 0.7703125 0.0296875 0.0546875
5 0.51015625 0.7171875 0.0296875 0.03984375
5 0.52734375 0.646875 0.02109375 0.03046875
5 0.40859375 0.5109375 0.025 0.02265625
5 0.59140625 0.6125 0.01796875 0.0328125
5 0.58046875 0.59140625 0.01640625 0.02890625
5 0.5578125 0.61640625 0.0234375 0.0296875
5 0.53203125 0.95703125 0.06640625 0.078125
5 0.278125 0.56875 0.0296875 0.02734375