5 0.61640625 0.79375 0.02421875 0.0546875
5 0.63359375 0.7359375 0.0203125 0.0421875
5 0.45390625 0.73515625 0.03046875 0.04453125
5 0.53203125 0.684375 0.0375 0.0546875
5 0.4796875 0.69609375 0.028125 0.03984375
5 0.4453125 0.7953125 0.028125 0.05703125
5 0.46328125 0.9109375 0.0359375 0.084375
5 0.509375 0.8625 0.0328125 0.075
5 0.48984375 0.77265625 0.03125 0.0484375
5 0.49921875 0.67265625 0.0265625 0.0359375
5 0.4359375 0.4984375 0.01796875 0.01953125
5 0.56875 0.6390625 0.01796875 0.0328125
5 0.5640625 0.61015625 0.021875 0.0296875
5 0.5265625 0.6453125 0.0234375 0.0296875
5 0.6140625 0.9953125 0.065625 0.009375
5 0.3390625 0.5453125 0.021875 0.0234375
5 0.5890625 0.61484375 0.0171875 0.03125
5 0.61015625 0.5953125 0.0203125 0.03125