5 0.61875 0.996875 0.071875 0.00546875
5 0.49375 0.8125 0.03046875 0.07421875
5 0.4515625 0.79296875 0.02421875 0.05234375
5 0.4546875 0.73046875 0.03046875 0.0359375
5 0.47578125 0.70234375 0.03359375 0.04453125
5 0.48671875 0.68203125 0.025 0.03828125
5 0.5125 0.665625 0.02265625 0.0484375
5 0.61640625 0.79453125 0.02265625 0.046875
5 0.63515625 0.734375 0.01796875 0.04609375
5 0.4796875 0.91640625 0.0609375 0.0734375
5 0.44921875 0.7640625 0.02578125 0.03359375
5 0.5375 0.6375 0.025 0.0390625
5 0.4921875 0.765625 0.0265625 0.053125
5 0.60234375 0.59140625 0.0578125 0.09296875
5 0.3859375 0.53515625 0.025 0.0265625