5 0.43828125 0.80546875 0.02890625 0.08046875
5 0.45 0.7390625 0.02890625 0.0484375
5 0.50390625 0.8453125 0.03515625 0.06015625
5 0.48359375 0.6875 0.03203125 0.0296875
5 0.61640625 0.79296875 0.02109375 0.04921875
5 0.63515625 0.734375 0.01796875 0.04921875
5 0.48671875 0.7609375 0.04140625 0.10703125
5 0.51328125 0.7109375 0.0234375 0.040625
5 0.53125 0.68828125 0.0265625 0.03828125
5 0.58515625 0.6140625 0.0390625 0.0671875
5 0.5375 0.640625 0.01875 0.02734375
5 0.5203125 0.65078125 0.02421875 0.03359375
5 0.553125 0.65703125 0.01953125 0.03359375
5 0.56015625 0.95625 0.05546875 0.07890625
5 0.50234375 0.66484375 0.025 0.02890625
5 0.55 0.6234375 0.021875 0.0296875